45.67  
45.67
78.76
97.76
97.76
12.34
34.56
56.76
45.67
78.98
67.65
67.56
45.67
45.67
78.76
97.76
97.76
12.34
34.56
56.76
45.67
78.98
67.65
67.56
45.67
45.67
78.76
97.76
97.76
12.34
34.56
56.76
45.67
78.98
67.65
67.56
45.67
45.67
78.76
97.76
97.76
12.34
34.56
56.76
45.67
78.98
67.65
67.56
45.67
45.67
78.76
97.76
97.76
12.34
34.56
56.76
45.67
78.98
67.65
67.56
45.67
45.67
78.76
97.76
97.76
12.34
34.56
56.76
45.67
78.98
67.65
67.56
45.67
45.67
78.76
97.76
97.76
12.34
34.56
56.76
45.67
78.98
67.65
67.56
45.67
45.67
78.76
97.76
97.76
12.34
34.56
56.76
45.67
78.98
67.65
67.56
45.67
45.67
78.76
97.76
97.76
12.34
34.56
56.76
45.67
78.98
67.65
67.56
45.67
45.67
78.76
97.76
97.76
12.34
34.56
56.76
45.67
78.98
67.65
67.56
