50 1
12 4
56 2
0 0
45 0
23 0
12 1
15 6
65 0
0 0
0 0
0 0
0 0
54 3
12 0
96 3
12 0
65 0
98 1
32 4
0 6
9 0
0 0
98 0
5 0
6 6
33 7
99 1
130 0
0 0
64 0
98 0
12 0
96 2
36 4
120 2
148 5
36 2
31 2
63 3
85 4
25 1
0 0
0 0
0 0
0 0
0 0
65 0
0 1
0 0
21 0
97 1
15 0
35 2
42 0
0 0
65 1
23 5
98 5
100 0
0 4
0 0
1 0
2 0
3 0
4 1
0 0
5 6
8 6
11 6
11 0
12 1
13 1
69 3
4 3
32 1
33 0
0 0
0 0
0 0
0 0
0 0
65 1
32 1
99 4
54 3
12 0
96 3
12 0
65 0
98 1
32 4
0 6
9 0
0 0
98 0
12 4
56 2
0 0
45 0
23 0
12 1
15 6
65 0
0 0
0 0
0 0
0 0
54 3
44 1
0 0
0 0
32 1
201 0
222 1
34 4
12 3
45 1
34 2
64 1
50 1
12 4
56 2
0 0
45 0
23 0
12 1
15 6
65 0
0 0
0 0
0 0
0 0
54 3
12 0
96 3
12 0
65 0
98 1
32 4
0 6
9 0
0 0
98 0
5 0
6 6
33 7
99 1
130 0
0 0
64 0
98 0
12 0
96 2
36 4
120 2
148 5
36 2
31 2
63 3
85 4
25 1
0 0
0 0
0 0
0 0
0 0
65 0
0 1
0 0
21 0
97 1
15 0
35 2
42 0
0 0
65 1
23 5
98 5
100 0
0 4
0 0
1 0
2 0
3 0
4 1
0 0
5 6
8 6
11 6
11 0
12 1
13 1
69 3
4 3
32 1
33 0
0 0
0 0
0 0
0 0
0 0
65 1
32 1
99 4
54 3
12 0
96 3
12 0
65 0
98 1
32 4
0 6
9 0
0 0
98 0
12 4
56 2
0 0
45 0
23 0
12 1
15 6
65 0
0 0
0 0
0 0
0 0
54 3
44 1
0 0
0 0
32 1
201 0
222 1
34 4
12 3
45 1
34 2
64 1
50 1
12 4
56 2
0 0
45 0
23 0
12 1
15 6
65 0
0 0
0 0
0 0
0 0
54 3
12 0
96 3
12 0
65 0
98 1
32 4
0 6
9 0
0 0
98 0
5 0
6 6
33 7
99 1
130 0
0 0
64 0
98 0
12 0
96 2
36 4
120 2
148 5
36 2
31 2
63 3
85 4
25 1
0 0
0 0
0 0
0 0
0 0
65 0
0 1
0 0
21 0
97 1
15 0
35 2
42 0
0 0
65 1
23 5
98 5
100 0
0 4
0 0
1 0
2 0
3 0
4 1
0 0
5 6
8 6
11 6
11 0
12 1
13 1
69 3
4 3
32 1
33 0
0 0
0 0
0 0
0 0
0 0
65 1
32 1
99 4
54 3
12 0
96 3
12 0
65 0
98 1
32 4
0 6
9 0
0 0
98 0
12 4
56 2
0 0
45 0
23 0
12 1
15 6
65 0
0 0
0 0
0 0
0 0
54 3
44 1
0 0
0 0
32 1
201 0
222 1
34 4
12 3
45 1
34 2
64 1
50 1
12 4
56 2
0 0
45 0
23 0
12 1
15 6
65 0
0 0
0 0
0 0
0 0
54 3
12 0
96 3
12 0
65 0
98 1
32 4
0 6
9 0
0 0
98 0
5 0
6 6
33 7
99 1
130 0
0 0
64 0
98 0
12 0
96 2
36 4
120 2
148 5
36 2
31 2
63 3
85 4
25 1
0 0
0 0
0 0
0 0
0 0
65 0
0 1
0 0
21 0
97 1
15 0
35 2
42 0
0 0
65 1
23 5
98 5
100 0
0 4
0 0
1 0
2 0
3 0
4 1
0 0
5 6
8 6
11 6
11 0
12 1
13 1
69 3
4 3
32 1
33 0
0 0
0 0
0 0
0 0
0 0
65 1
32 1
99 4
54 3
12 0
96 3
12 0
65 0
